First res_A: 0.17184500574936806; res_B:0.21559814751614065 
res_A: 0.171371850180503; res_B:0.18498611816106378 
Best_mAP_A: 0.171371850180503; Best_mAP_B:0.18498611816106378res_A: 0.15163370262897735; res_B:0.16556314504852937 
Best_mAP_A: 0.171371850180503; Best_mAP_B:0.18498611816106378res_A: 0.14713619582330573; res_B:0.15996553414461048 
Best_mAP_A: 0.171371850180503; Best_mAP_B:0.18498611816106378res_A: 0.17277963279384004; res_B:0.18845870280285137 
Best_mAP_A: 0.17277963279384004; Best_mAP_B:0.18845870280285137res_A: 0.18150641657334357; res_B:0.18564110700934755 
Best_mAP_A: 0.18150641657334357; Best_mAP_B:0.18564110700934755res_A: 0.21431764332602649; res_B:0.23677265299090716 
Best_mAP_A: 0.21431764332602649; Best_mAP_B:0.23677265299090716