First res_A: 0.07760899356533285; res_B:0.10019428302457739 
res_A: 0.0858747987470851; res_B:0.09686687262416624 
Best_mAP_A: 0.0858747987470851; Best_mAP_B:0.09686687262416624res_A: 0.09506591767585826; res_B:0.11373473177314879 
Best_mAP_A: 0.09506591767585826; Best_mAP_B:0.11373473177314879res_A: 0.10889802844482407; res_B:0.12344034293384548 
Best_mAP_A: 0.10889802844482407; Best_mAP_B:0.12344034293384548res_A: 0.09305735434411466; res_B:0.09563470540732534 
Best_mAP_A: 0.10889802844482407; Best_mAP_B:0.12344034293384548res_A: 0.09865291411214025; res_B:0.11177858100269972 
Best_mAP_A: 0.10889802844482407; Best_mAP_B:0.12344034293384548res_A: 0.11730417203262956; res_B:0.12283239228379236 
Best_mAP_A: 0.11730417203262956; Best_mAP_B:0.12283239228379236